10086971
10090908
10577906
11001791
11435303
11567139
11774072
11854170
12016587
12677556
12704386
12820704
12872260
12915468
12920096
14560311
15051636
15253708
15537665
15635077
15733270
15829536
15981244
16327777
16390615
16398658
16585054
16632486
16884893
16922724
17054399
17060380
17235395
17503324
17536044
18326704
18443213
18546294
18723471
18800149
19050930
19402160
19426954
20022991
20120035
20440071
20472660
21209029
21211617
21300340
21519004
21569298
21642631
21677404
21837767
22246503
22546700
22773735
22832485
23324268
23551881
23643382
23656588
23800289
24024749
24312213
24595243
24618850
24664876
24916509
25041077
25189502
25236808
25531638
25557232
25575550
25719458
25765472
25801283
25953895
25979592
26036852
26050231
26436113
26524591
26748417
27029556
27057829
27148587
27502037
27603904
27611893
27796712
27859054
27994174
28251098
28263784
28453858
28620713
8202715
8896568
9158138